version_number,version_name,test_ratio,number_of_vulnerabilities
1,2.10.2,2.8539,2
2,2.10.4,2.8538,2
3,2.11.2,2.8173,1
4,2.3.0,0.0,4
5,2.3.1,0.0,5
6,2.4.2,0.0,4
7,2.4.3,0.0,3
8,2.4.4,0.0,3
9,2.5.1,0.0,3
10,2.5.2,0.0,3
11,2.5.3,0.0,3
12,2.6.1,5.3396,5
13,2.6.2,5.3397,4
14,2.6.3,5.3397,1
15,2.8.0,3.1101,1
16,2.8.1,3.11,2
17,2.9.1,2.9896,1
